1 6
0 2 7
1 3 7
2 4 8
3 5 8
4 9
0 10 11
1 2 12 13
3 4 14 15
5 16 17
6 11 18
6 10 12 19
7 11 13 19
7 12 14 20
8 13 15 20
8 14 16 21
9 15 17 21
9 16 22
10 23 24
11 12 25 26
13 14 27 28
15 16 29 30
17 31 32
18 24 33
18 23 25 34
19 24 26 34
19 25 27 35
20 26 28 35
20 27 29 36
21 28 30 36
21 29 31 37
22 30 32 37
22 31 38
23 39
24 25 40 41
26 27 42 43
28 29 44 45
30 31 46 47
32 48
33 40 49
34 39 41 49
34 40 42 50
35 41 43 50
35 42 44 51
36 43 45 51
36 44 46 52
37 45 47 52
37 46 48 53
38 47 53
39 40 54
41 42 55 56
43 44 57 58
45 46 59 60
47 48 61
49 55 62
50 54 56 62
50 55 57 63
51 56 58 63
51 57 59 64
52 58 60 64
52 59 61 65
53 60 65
54 55 66
56 57 67 68
58 59 69 70
60 61 71
62 67
63 66 68
63 67 69
64 68 70
64 69 71
65 70